     0.046 
     0.017 
    -0.021 
    -0.043 
    -0.016 
    -0.022 
     0.021 
     0.007 
     0.042 
    -0.028 
    -0.041 
    -0.015 
     0.019 
     0.006 
     0.025 
    -0.005 
     0.006 
     0.016 
    -0.029 
     0.005 
     0.032 
     0.010 
    -0.019 
     0.007 
    -0.018 
     0.081 
    -0.022 
     0.029 
    -0.006 
     0.116 
     0.130 
     0.006 
     0.096 
     0.037 
    -0.037 
    -0.037 
     0.129 
    -0.124 
     0.070 
    -0.084 
    -0.034 
     0.063 
     0.354 
    -0.234 
    -0.155 
    -0.065 
     0.095 
    -0.103 
     0.199 
    -0.254 
     0.230 
    -0.088 
     0.047 
    -0.101 
     0.164 
    -0.222 
     0.184 
    -0.092 
     0.070 
    -0.012 
     0.007 
    -0.031 
     0.002 
    -0.023 
    -0.042 
    -0.055 
    -0.030 
     0.019 
    -0.022 
     0.015 
    -0.013 
     0.040 
     0.012 
     0.004 
     0.016 
    -0.044 
    -0.016 
     0.024 
     0.017 
     0.062 
    -0.006 
    -0.014 
    -0.015 
     0.034 
    -0.011 
    -0.048 
     0.035 
     0.012 
    -0.062 
     0.011 
     0.044 
    -0.000 
     0.035 
     0.056 
     0.043 
    -0.010 
     0.008 
     0.023 
    -0.069 
     0.002 
     0.058 
    -0.009 
    -0.015 
    -0.028 
    -0.070 
     0.072 
    -0.073 
     0.002 
    -0.007 
     0.026 
     0.024 
     0.033 
     0.126 
     0.030 
     0.068 
    -0.024 
    -0.029 
     0.010 
    -0.021 
     0.038 
    -0.018 
    -0.051 
    -0.048 
     0.112 
    -0.017 
     0.018 
    -0.062 
     0.010 
     0.005 
    -0.053 
    -0.024 
     0.079 
    -0.077 
    -0.080 
    -0.023 
    -0.050 
    -0.040 
     0.056 
     0.064 
    -0.116 
    -0.035 
    -0.110 
    -0.084 
    -0.001 
    -0.087 
    -0.056 
    -0.002 
     0.003 
    -0.153 
     0.081 
     0.104 
     0.010 
     0.032 
     0.082 
     0.077 
     0.015 
     0.049 
    -0.014 
     0.122 
    -0.041 
    -0.064 
     0.037 
    -0.027 
    -0.013 
     0.032 
    -0.052 
    -0.042 
     0.051 
    -0.017 
     0.024 
     0.000 
     0.065 
     0.011 
     0.004 
     0.009 
     0.041 
     0.019 
    -0.043 
    -0.041 
     0.034 
    -0.019 
     0.038 
    -0.006 
     0.072 
    -0.011 
    -0.012 
    -0.027 
     0.040 
     0.026 
     0.051 
    -0.020 
    -0.022 
    -0.009 
     0.006 
    -0.027 
     0.028 
    -0.022 
     0.002 
    -0.001 
     0.043 
    -0.016 
     0.001 
    -0.025 
    -0.064 
     0.002 
    -0.008 
    -0.033 
    -0.008 
    -0.011 
    -0.016 
     0.063 
     0.120 
     0.005 
     0.031 
     0.047 
     0.069 
     0.030 
     0.021 
    -0.012 
     0.047 
     0.009 
     0.014 
     0.014 
    -0.023 
     0.023 
    -0.086 
     0.009 
     0.013 
    -0.014 
     0.043 
    -0.078 
    -0.085 
    -0.120 
    -0.107 
     0.021 
     0.009 
    -0.131 
    -0.031 
    -0.209 
    -0.063 
     0.015 
    -0.087 
     0.103 
     0.149 
    -0.010 
    -0.030 
    -0.025 
     0.173 
     0.085 
    -0.009 
    -0.139 
    -0.204 
     0.171 
     0.036 
    -0.136 
     0.215 
     0.017 
    -0.032 
     0.114 
     0.007 
    -0.125 
     0.151 
     0.002 
    -0.034 
    -0.070 
    -0.037 
     0.021 
     0.016 
    -0.012 
     0.015 
     0.006 
     0.086 
    -0.055 
    -0.043 
     0.010 
    -0.036 
     0.096 
    -0.006 
    -0.060 
     0.029 
    -0.042 
     0.062 
     0.074 
     0.027 
    -0.025 
     0.040 
    -0.016 
     0.015 
    -0.012 
     0.015 
    -0.009 
    -0.033 
     0.015 
     0.017 
     0.002 
    -0.034 
     0.048 
     0.001 
     0.017 
    -0.029 
    -0.014 
    -0.006 
    -0.026 
     0.036 
     0.057 
     0.043 
    -0.009 
    -0.054 
    -0.056 
    -0.032 
    -0.009 
    -0.244 
     0.125 
     0.172 
     0.277 
    -0.200 
     0.113 
    -0.021 
    -0.232 
     0.034 
    -0.143 
     0.046 
    -0.027 
     0.177 
     0.005 
     0.287 
    -0.246 
     0.169 
    -0.035 
     0.053 
    -0.272 
    -0.164 
    -0.011 
    -0.267 
     0.266 
    -0.032 
    -0.152 
     0.007 
     0.187 
     0.079 
     0.115 
    -0.235 
     0.178 
     0.210 
     0.019 
     0.022 
     0.008 
     0.033 
    -0.157 
    -0.031 
     0.076 
    -0.051 
    -0.166 
    -0.060 
    -0.113 
    -0.018 
     0.074 
    -0.073 
     0.069 
     0.092 
    -0.063 
    -0.086 
    -0.042 
     0.258 
     0.005 
    -0.071 
    -0.026 
     0.010 
     0.022 
     0.010 
    -0.010 
    -0.006 
     0.006 
     0.050 
     0.046 
     0.026 
     0.038 
    -0.022 
    -0.017 
     0.050 
    -0.034 
    -0.078 
    -0.010 
     0.042 
    -0.058 
     0.026 
    -0.002 
    -0.019 
    -0.013 
     0.020 
    -0.001 
     0.001 
    -0.012 
     0.017 
     0.002 
     0.007 
    -0.001 
     0.028 
    -0.006 
     0.033 
    -0.014 
    -0.023 
    -0.021 
    -0.008 
     0.029 
    -0.049 
     0.026 
    -0.001 
    -0.022 
     0.028 
     0.017 
    -0.017 
     0.180 
     0.304 
     0.217 
    -0.257 
    -0.229 
    -0.214 
     0.118 
     0.017 
     0.095 
    -0.166 
    -0.321 
    -0.001 
     0.133 
    -0.125 
    -0.290 
    -0.268 
     0.463 
     0.278 
     0.162 
    -0.113 
     0.002 
     0.132 
    -0.046 
     0.074 
    -0.072 
     0.119 
    -0.099 
     0.013 
    -0.156 
     0.058 
    -0.119 
     0.088 
    -0.177 
     0.022 
    -0.028 
     0.068 
    -0.013 
     0.113 
    -0.089 
     0.095 
    -0.051 
     0.124 
    -0.021 
     0.075 
    -0.080 
     0.016 
    -0.138 
    -0.067 
    -0.060 
     0.075 
    -0.134 
    -0.007 
    -0.073 
     0.102 
    -0.059 
     0.124 
    -0.037 
     0.122 
    -0.071 
     0.135 
    -0.018 
     0.109 
    -0.076 
     0.139 
    -0.015 
     0.080 
    -0.065 
     0.077 
    -0.075 
     0.172 
    -0.109 
     0.089 
    -0.113 
     0.087 
    -0.115 
    -0.001 
    -0.002 
     0.109 
    -0.069 
     0.050 
     0.009 
    -0.009 
     0.095 
    -0.018 
     0.013 
    -0.029 
     0.042 
    -0.055 
     0.039 
    -0.074 
     0.038 
    -0.085 
    -0.014 
    -0.119 
     0.040 
    -0.018 
     0.046 
     0.004 
     0.050 
    -0.070 
     0.027 
     0.023 
    -0.050 
     0.028 
     0.092 
    -0.062 
     0.114 
    -0.073 
     0.007 
    -0.082 
     0.045 
     0.012 
    -0.046 
    -0.160 
     0.135 
    -0.089 
     0.045 
    -0.036 
     0.075 
    -0.103 
     0.088 
     0.015 
    -0.001 
    -0.044 
     0.229 
    -0.606 
     0.295 
     0.156 
     0.031 
     0.171 
    -0.042 
    -0.185 
     0.067 
     0.109 
    -0.294 
    -0.055 
    -0.050 
    -0.090 
    -0.190 
     0.250 
    -0.237 
     0.204 
     0.163 
    -0.088 
     0.007 
     0.032 
    -0.194 
     0.244 
     0.117 
    -0.248 
     0.204 
     0.115 
     0.191 
     0.082 
    -0.107 
    -0.129 
     0.016 
    -0.020 
     0.237 
    -0.181 
    -0.076 
    -0.178 
     0.035 
    -0.002 
     0.018 
     0.058 
    -0.007 
     0.028 
    -0.032 
     0.048 
    -0.015 
     0.006 
     0.064 
    -0.034 
     0.002 
    -0.041 
    -0.018 
     0.010 
    -0.049 
    -0.024 
     0.028 
    -0.005 
    -0.008 
     0.024 
     0.041 
     0.012 
     0.007 
     0.024 
     0.025 
     0.057 
     0.014 
     0.015 
    -0.007 
    -0.003 
     0.016 
    -0.029 
     0.016 
     0.011 
    -0.030 
     0.017 
    -0.021 
     0.006 
    -0.025 
     0.000 
    -0.077 
    -0.011 
     0.003 
     0.040 
    -0.022 
     0.007 
    -0.025 
    -0.052 
    -0.041 
    -0.008 
     0.030 
     0.010 
    -0.088 
    -0.024 
    -0.041 
    -0.004 
    -0.016 
    -0.083 
     0.065 
    -0.020 
    -0.012 
     0.082 
     0.019 
    -0.002 
    -0.051 
     0.003 
    -0.062 
    -0.010 
    -0.087 
     0.026 
     0.008 
     0.016 
    -0.091 
    -0.001 
     0.110 
     0.097 
    -0.011 
    -0.020 
    -0.014 
    -0.001 
    -0.012 
    -0.006 
     0.039 
     0.092 
     0.042 
     0.007 
     0.018 
     0.026 
     0.078 
     0.022 
    -0.029 
    -0.048 
    -0.052 
    -0.011 
     0.022 
    -0.001 
    -0.050 
    -0.106 
     0.051 
     0.024 
     0.059 
     0.015 
     0.002 
    -0.052 
     0.041 
    -0.002 
    -0.032 
    -0.010 
    -0.013 
     0.004 
    -0.006 
     0.058 
    -0.003 
    -0.023 
     0.001 
     0.019 
     0.045 
     0.002 
    -0.147 
     0.104 
     0.022 
    -0.050 
     0.077 
     0.056 
     0.090 
    -0.063 
     0.043 
    -0.142 
    -0.019 
     0.020 
    -0.049 
     0.010 
    -0.110 
     0.049 
    -0.008 
     0.038 
     0.065 
     0.050 
    -0.012 
    -0.061 
     0.097 
     0.017 
    -0.042 
    -0.029 
    -0.045 
    -0.053 
     0.025 
     0.047 
     0.022 
    -0.017 
     0.013 
    -0.026 
     0.103 
    -0.041 
     0.055 
     0.155 
    -0.029 
    -0.264 
    -0.074 
    -0.020 
     0.115 
    -0.021 
     0.104 
    -0.155 
     0.046 
    -0.050 
    -0.286 
     0.053 
     0.263 
     0.116 
     0.105 
     0.016 
    -0.072 
    -0.107 
    -0.201 
     0.093 
     0.097 
     0.037 
    -0.058 
     0.017 
     0.033 
     0.064 
     0.013 
    -0.029 
     0.063 
     0.023 
    -0.017 
    -0.004 
     0.004 
     0.074 
     0.017 
    -0.043 
     0.019 
     0.001 
     0.020 
    -0.018 
    -0.036 
    -0.039 
     0.053 
    -0.002 
     0.005 
    -0.042 
     0.009 
     0.055 
    -0.021 
    -0.015 
    -0.011 
    -0.026 
    -0.065 
     0.009 
    -0.019 
     0.032 
    -0.005 
    -0.008 
    -0.004 
    -0.045 
    -0.049 
     0.004 
    -0.014 
     0.047 
    -0.046 
    -0.016 
    -0.021 
    -0.018 
     0.008 
     0.048 
    -0.038 
    -0.033 
    -0.029 
    -0.048 
     0.039 
    -0.029 
    -0.029 
    -0.007 
    -0.027 
     0.026 
    -0.011 
     0.078 
    -0.002 
     0.014 
    -0.046 
     0.016 
     0.027 
     0.000 
    -0.035 
    -0.038 
    -0.018 
    -0.052 
     0.093 
    -0.013 
    -0.015 
     0.030 
     0.021 
    -0.027 
     0.015 
     0.052 
     0.004 
     0.051 
    -0.044 
     0.072 
     0.026 
     0.002 
     0.009 
     0.014 
     0.031 
    -0.013 
    -0.028 
    -0.037 
    -0.029 
    -0.009 
    -0.031 
     0.009 
     0.017 
    -0.017 
    -0.003 
     0.015 
     0.000 
    -0.010 
     0.007 
     0.012 
     0.001 
     0.017 
    -0.003 
    -0.022 
    -0.002 
     0.027 
     0.034 
     0.027 
     0.005 
     0.009 
     0.006 
    -0.011 
    -0.030 
     0.002 
    -0.046 
    -0.028 
    -0.017 
    -0.015 
     0.002 
     0.012 
     0.017 
     0.024 
     0.022 
    -0.026 
     0.003 
    -0.086 
     0.036 
     0.005 
    -0.008 
     0.016 
     0.037 
     0.005 
     0.017 
     0.026 
    -0.032 
     0.018 
     0.024 
     0.022 
     0.032 
    -0.028 
     0.001 
    -0.012 
     0.011 
     0.009 
    -0.013 
    -0.004 
     0.023 
     0.037 
    -0.000 
    -0.000 
     0.040 
     0.012 
     0.015 
     0.023 
     0.011 
    -0.054 
     0.004 
     0.036 
     0.020 
    -0.054 
    -0.006 
    -0.029 
    -0.034 
    -0.047 
     0.029 
    -0.061 
     0.011 
    -0.105 
     0.062 
    -0.006 
     0.157 
    -0.191 
     0.098 
    -0.136 
     0.082 
    -0.060 
     0.166 
    -0.135 
     0.048 
    -0.119 
     0.127 
    -0.066 
     0.029 
    -0.055 
     0.111 
    -0.098 
     0.078 
    -0.103 
     0.064 
    -0.078 
     0.063 
     0.483 
    -0.349 
    -0.204 
     0.145 
    -0.169 
     0.237 
    -0.154 
     0.012 
    -0.021 
     0.061 
    -0.072 
     0.095 
    -0.134 
     0.127 
    -0.193 
     0.140 
    -0.121 
     0.117 
    -0.068 
     0.084 
    -0.076 
     0.147 
    -0.138 
     0.090 
    -0.091 
     0.212 
    -0.282 
     0.276 
    -0.341 
     0.294 
    -0.162 
     0.065 
    -0.085 
    -0.039 
     0.081 
    -0.022 
    -0.029 
    -0.006 
     0.116 
    -0.130 
    -0.006 
     0.096 
    -0.037 
    -0.037 
     0.129 
    -0.124 
     0.070 
    -0.084 
    -0.034 
     0.063 
     0.354 
    -0.234 
    -0.155 
    -0.065 
     0.095 
    -0.103 
     0.199 
    -0.254 
     0.230 
    -0.088 
     0.047 
    -0.101 
     0.164 
    -0.222 
     0.184 
    -0.092 
     0.064 
     0.001 
    -0.077 
    -0.059 
     0.007 
    -0.008 
    -0.030 
     0.036 
     0.021 
     0.023 
     0.049 
     0.019 
     0.004 
     0.014 
    -0.008 
    -0.006 
    -0.029 
    -0.003 
    -0.018 
     0.020 
    -0.080 
    -0.030 
    -0.050 
     0.030 
     0.030 
     0.050 
     0.180 
    -0.070 
    -0.010 
    -0.010 
    -0.030 
     0.030 
    -0.100 
     0.020 
    -0.057 
     0.097 
    -0.156 
     0.046 
    -0.095 
     0.082 
    -0.027 
     0.079 
    -0.086 
     0.140 
    -0.026 
     0.128 
    -0.069 
     0.062 
    -0.120 
     0.098 
    -0.139 
     0.119 
    -0.167 
     0.084 
    -0.098 
     0.128 
    -0.021 
     0.109 
    -0.120 
     0.122 
    -0.052 
     0.047 
    -0.151 
     0.083 
    -0.043 
     0.020 
     0.007 
     0.001 
    -0.060 
     0.046 
     0.033 
    -0.005 
    -0.018 
     0.000 
     0.019 
    -0.034 
     0.000 
    -0.029 
    -0.019 
    -0.008 
    -0.022 
     0.021 
     0.007 
     0.041 
     0.023 
     0.031 
    -0.016 
     0.016 
    -0.039 
     0.049 
    -0.046 
     0.018 
    -0.046 
     0.034 
    -0.021 
     0.004 
    -0.068 
    -0.035 
     0.005 
     0.014 
     0.078 
     0.020 
     0.030 
    -0.055 
     0.060 
    -0.026 
     0.088 
    -0.060 
     0.030 
    -0.151 
     0.036 
    -0.074 
     0.033 
    -0.060 
     0.055 
    -0.047 
     0.052 
    -0.042 
     0.065 
    -0.020 
     0.055 
    -0.063 
     0.004 
    -0.042 
     0.073 
    -0.012 
     0.150 
    -0.054 
     0.068 
     0.015 
     0.026 
    -0.100 
     0.031 
    -0.038 
     0.084 
    -0.129 
     0.130 
     0.096 
     0.055 
     0.002 
     0.006 
    -0.024 
    -0.004 
    -0.011 
    -0.053 
    -0.022 
    -0.060 
    -0.066 
    -0.042 
    -0.042 
    -0.020 
    -0.030 
     0.042 
    -0.066 
     0.078 
     0.124 
     0.116 
     0.023 
    -0.019 
    -0.040 
     0.002 
     0.076 
    -0.038 
     0.016 
    -0.016 
     0.021 
    -0.023 
     0.111 
    -0.042 
     0.017 
    -0.057 
    -0.101 
     0.016 
     0.090 
     0.106 
     0.048 
    -0.019 
    -0.126 
    -0.090 
    -0.048 
     0.008 
    -0.023 
    -0.025 
     0.013 
    -0.027 
    -0.112 
    -0.027 
    -0.127 
    -0.054 
    -0.118 
    -0.123 
    -0.040 
    -0.071 
    -0.008 
     0.074 
    -0.024 
     0.055 
    -0.029 
    -0.025 
     0.039 
     0.118 
     0.020 
     0.053 
    -0.057 
     0.183 
     0.214 
    -0.145 
     0.118 
    -0.082 
     0.046 
     0.102 
    -0.256 
    -0.068 
     0.142 
     0.104 
     0.214 
     0.180 
     0.239 
    -0.106 
    -0.051 
    -0.154 
    -0.189 
    -0.073 
    -0.015 
    -0.004 
    -0.233 
    -0.092 
    -0.110 
     0.208 
    -0.022 
     0.247 
     0.027 
     0.015 
     0.054 
     0.029 
    -0.004 
    -0.158 
     0.038 
     0.002 
     0.114 
    -0.027 
    -0.089 
     0.053 
    -0.047 
    -0.068 
    -0.056 
     0.205 
    -0.150 
     0.029 
    -0.178 
     0.172 
     0.029 
    -0.055 
    -0.007 
    -0.012 
     0.082 
    -0.040 
    -0.109 
    -0.156 
    -0.148 
     0.008 
     0.158 
     0.004 
     0.154 
     0.115 
     0.099 
     0.065 
    -0.058 
    -0.018 
     0.081 
     0.007 
    -0.089 
     0.032 
     0.052 
    -0.026 
    -0.088 
     0.231 
     0.086 
    -0.142 
    -0.140 
    -0.074 
    -0.018 
    -0.029 
     0.030 
     0.251 
     0.032 
     0.148 
    -0.016 
    -0.227 
    -0.183 
    -0.091 
    -0.047 
    -0.115 
     0.082 
    -0.082 
     0.027 
     0.064 
     0.156 
    -0.032 
     0.106 
    -0.056 
     0.021 
     0.180 
    -0.020 
     0.059 
    -0.029 
    -0.133 
    -0.150 
    -0.134 
    -0.065 
     0.081 
     0.104 
    -0.008 
     0.095 
     0.130 
    -0.029 
    -0.059 
    -0.042 
     0.007 
    -0.080 
    -0.030 
     0.043 
    -0.060 
    -0.035 
     0.223 
     0.040 
    -0.047 
    -0.061 
    -0.112 
    -0.174 
    -0.037 
     0.181 
     0.086 
     0.144 
    -0.006 
     0.140 
    -0.019 
    -0.114 
    -0.032 
     0.018 
     0.076 
    -0.267 
     0.127 
    -0.128 
     0.042 
    -0.077 
     0.205 
    -0.018 
     0.136 
    -0.046 
    -0.012 
    -0.035 
    -0.105 
     0.008 
     0.042 
    -0.076 
    -0.042 
     0.095 
     0.087 
     0.048 
     0.018 
     0.004 
    -0.074 
     0.023 
     0.001 
     0.082 
     0.004 
    -0.130 
    -0.137 
     0.000 
     0.034 
     0.084 
    -0.026 
    -0.049 
     0.008 
     0.066 
    -0.020 
    -0.074 
    -0.145 
    -0.055 
    -0.069 
     0.036 
     0.221 
     0.063 
    -0.064 
     0.055 
    -0.011 
    -0.006 
    -0.005 
    -0.038 
     0.041 
    -0.032 
     0.094 
    -0.010 
     0.020 
    -0.037 
     0.042 
     0.009 
     0.080 
    -0.129 
    -0.058 
     0.051 
    -0.022 
     0.015 
    -0.028 
     0.033 
     0.054 
     0.012 
    -0.159 
     0.134 
    -0.061 
    -0.032 
    -0.154 
    -0.013 
     0.080 
     0.021 
     0.010 
    -0.193 
     0.093 
     0.098 
     0.143 
    -0.052 
    -0.046 
     0.199 
     0.060 
     0.097 
     0.006 
     0.082 
    -0.078 
    -0.297 
    -0.188 
    -0.001 
    -0.077 
    -0.001 
     0.147 
     0.078 
     0.050 
    -0.042 
    -0.070 
     0.021 
     0.097 
    -0.003 
     0.057 
    -0.067 
     0.080 
    -0.044 
     0.032 
     0.068 
     0.079 
    -0.149 
    -0.009 
    -0.005 
     0.126 
    -0.062 
    -0.017 
    -0.086 
     0.053 
    -0.071 
     0.005 
     0.037 
    -0.058 
     0.017 
     0.033 
     0.064 
     0.013 
    -0.029 
     0.063 
     0.023 
    -0.017 
    -0.004 
     0.004 
     0.074 
     0.017 
    -0.043 
     0.019 
     0.001 
     0.020 
    -0.018 
    -0.036 
    -0.039 
     0.053 
    -0.002 
     0.005 
    -0.042 
     0.009 
     0.055 
    -0.021 
    -0.015 
    -0.011 
    -0.026 
    -0.065 
     0.009 
    -0.019 
     0.032 
    -0.005 
    -0.008 
    -0.004 
    -0.045 
    -0.049 
     0.004 
    -0.014 
     0.047 
    -0.046 
    -0.016 
    -0.021 
    -0.018 
     0.008 
     0.048 
    -0.038 
    -0.033 
    -0.029 
    -0.048 
     0.039 
    -0.029 
    -0.029 
    -0.007 
    -0.027 
     0.026 
    -0.011 
     0.078 
    -0.002 
     0.014 
    -0.046 
     0.016 
     0.027 
     0.000 
    -0.035 
    -0.038 
    -0.018 
    -0.052 
     0.093 
    -0.013 
    -0.015 
     0.030 
     0.021 
    -0.027 
     0.015 
     0.052 
     0.004 
     0.051 
    -0.044 
     0.072 
     0.026 
     0.099 
    -0.060 
    -0.032 
     0.019 
     0.114 
    -0.186 
    -0.040 
    -0.027 
     0.122 
    -0.091 
     0.089 
    -0.070 
    -0.037 
     0.148 
    -0.090 
     0.002 
    -0.157 
     0.109 
    -0.009 
     0.013 
    -0.029 
    -0.082 
     0.049 
     0.029 
     0.080 
    -0.077 
     0.035 
     0.069 
    -0.205 
     0.166 
    -0.058 
     0.072 
    -0.030 
     0.004 
     0.081 
    -0.020 
    -0.119 
    -0.069 
     0.099 
     0.047 
    -0.102 
     0.116 
    -0.019 
    -0.046 
     0.122 
     0.012 
    -0.094 
    -0.104 
     0.100 
     0.118 
    -0.043 
    -0.084 
    -0.001 
    -0.006 
     0.099 
    -0.020 
     0.102 
    -0.135 
     0.126 
    -0.099 
     0.006 
     0.006 
    -0.005 
     0.035 
     0.100 
    -0.154 
     0.004 
     0.051 
     0.010 
     0.016 
    -0.007 
    -0.021 
    -0.066 
     0.087 
    -0.001 
    -0.039 
     0.061 
    -0.100 
     0.087 
     0.043 
    -0.017 
    -0.011 
    -0.070 
     0.017 
    -0.044 
     0.063 
    -0.047 
     0.034 
    -0.060 
     0.011 
     0.057 
    -0.032 
     0.054 
     0.029 
    -0.037 
    -0.016 
    -0.016 
     0.016 
    -0.062 
     0.043 
    -0.073 
     0.010 
     0.031 
    -0.118 
     0.211 
    -0.076 
    -0.014 
    -0.056 
     0.021 
     0.015 
    -0.003 
    -0.036 
    -0.002 
     0.118 
    -0.003 
    -0.250 
     0.131 
    -0.048 
     0.010 
     0.046 
     0.034 
     0.006 
     0.023 
     0.116 
    -0.012 
    -0.013 
    -0.008 
     0.007 
    -0.059 
     0.052 
    -0.025 
    -0.014 
     0.012 
     0.027 
    -0.007 
    -0.074 
     0.074 
    -0.000 
     0.017 
    -0.037 
     0.026 
    -0.038 
     0.038 
    -0.075 
     0.105 
    -0.137 
     0.028 
    -0.122 
     0.106 
     0.204 
    -0.020 
    -0.025 
    -0.058 
    -0.093 
    -0.067 
    -0.069 
     0.063 
     0.071 
     0.022 
     0.065 
     0.143 
    -0.144 
    -0.153 
    -0.133 
     0.081 
    -0.045 
     0.148 
     0.058 
     0.056 
    -0.084 
