     1.000      0.000     -0.367      0.110 
     2.000      0.000     -0.474      0.110 
     3.000      0.000     -0.357      0.110 
     4.000      0.000     -0.634      0.110 
     5.000      0.000     -0.435      0.110 
     6.000      0.000     -0.259      0.110 
     7.000      0.000     -0.400      0.110 
     8.000      0.000     -0.125      0.110 
     9.000      0.000     -0.431      0.110 
    10.000      0.000     -0.497      0.110 
    11.000      0.000     -0.109      0.110 
    12.000      0.000     -0.225      0.110 
    13.000      0.000      0.000      0.110 
    14.000      0.000     -0.103      0.110 
    15.000      0.000      0.197      0.110 
    16.000      0.000      0.330      0.110 
    17.000      0.000      0.690      0.110 
    18.000      0.000      1.083      0.110 
    19.000      0.000      1.291      0.110 
    20.000      0.000      1.712      0.110 
    21.000      0.000      2.177      0.110 
    22.000      0.000      2.657      0.110 
    23.000      0.000      2.892      0.110 
    24.000      0.000      3.064      0.110 
    25.000      0.000      3.209      0.110 
    26.000      0.000      3.578      0.110 
    27.000      0.000      3.666      0.110 
    28.000      0.000      3.705      0.110 
    29.000      0.000      3.728      0.110 
    30.000      0.000      3.890      0.110 
    31.000      0.000      3.853      0.110 
    32.000      0.000      3.045      0.110 
    33.000      0.000      3.174      0.110 
    34.000      0.000      3.120      0.110 
    35.000      0.000      3.306      0.110 
    36.000      0.000      3.324      0.110 
    37.000      0.000      3.359      0.110 
    38.000      0.000      3.350      0.110 
    39.000      0.000      3.511      0.110 
    40.000      0.000      3.391      0.110 
    41.000      0.000      3.238      0.110 
