1.305415384392778606e+03
1.301904032679817647e+03
1.299354132291974111e+03
1.297565338148767523e+03
1.294085713670311407e+03
1.291930860962114139e+03
1.288926014559674286e+03
1.285340670450101470e+03
1.284568082992139807e+03
1.279134388561074729e+03
1.279177932279723336e+03
1.275003258963920189e+03
1.274573440537940769e+03
1.270975579959985225e+03
1.267935813313820745e+03
1.265310777475094710e+03
1.262047062444969015e+03
1.260658381855317657e+03
1.258975999680070345e+03
1.256904375757668276e+03
1.254036857251127458e+03
1.252179967316789771e+03
1.247893760438113304e+03
1.246798157844834805e+03
1.243521753457898967e+03
1.242258506311358587e+03
1.240040223231371101e+03
1.237034072254997682e+03
1.236251064563191449e+03
1.233488352897998766e+03
1.232254415150363002e+03
1.228941342945524866e+03
1.228310775206655762e+03
1.225602766454807124e+03
1.223166697957623910e+03
1.221085593627637763e+03
1.219867943383624834e+03
1.217331440206095749e+03
1.216879058944530016e+03
1.214558464239385103e+03
1.211102961178298074e+03
1.210261408003260158e+03
1.209139362999000923e+03
1.206771181581523024e+03
1.202967451649920577e+03
1.203436666678352822e+03
1.199846112533402220e+03
1.198590145972462096e+03
1.196455445685742006e+03
1.195675036758391798e+03
1.193430751825931566e+03
1.192607874406103520e+03
1.189551466791671828e+03
1.188837299224188882e+03
1.186923519500146085e+03
1.185241831953658675e+03
1.184365073101677581e+03
1.182204800587315958e+03
1.181468342979523186e+03
1.179237503412355636e+03
1.178217075920224715e+03
1.176083972050687862e+03
1.175932169074078729e+03
1.174038757016893442e+03
1.173054119264364090e+03
1.171247826237259915e+03
1.171138303898170307e+03
1.170147634448469489e+03
1.167007129013283929e+03
1.166662649617605439e+03
1.164082883998361922e+03
1.162223955800276372e+03
1.162447412848998056e+03
1.161134298346739115e+03
1.159029002340505713e+03
1.158901964231486090e+03
1.157213650581022648e+03
1.156457608771646392e+03
1.155140007312326816e+03
1.154669533645333331e+03
1.153304752547853923e+03
1.151032465884744397e+03
1.151648944497338789e+03
1.149890398512155571e+03
1.148929533884158218e+03
1.147997086777158074e+03
1.146985130059912308e+03
1.146478134811605287e+03
1.143959129863927274e+03
1.143803448764673703e+03
1.143498105770532902e+03
1.142926624198516720e+03
1.142692287243829924e+03
1.140416113138339142e+03
1.140519071073427995e+03
1.139332508605672501e+03
1.137698436488280777e+03
1.137433528202023581e+03
1.136903800574433944e+03
1.136327178578038684e+03
1.134871085989296034e+03
1.135375493954983767e+03
1.134059042395393362e+03
1.133284783892110454e+03
1.132609245576640205e+03
1.131075187068155401e+03
1.131512069250725744e+03
1.131225012692813380e+03
1.129990289947931387e+03
1.129830027415063114e+03
1.128998777907719841e+03
1.129592708320218662e+03
1.127042176918528185e+03
1.127314850054798399e+03
1.126770250445468719e+03
1.126465492492746307e+03
1.126785444499137157e+03
1.125620032958145202e+03
1.125301880482850265e+03
1.124425662738532992e+03
1.125067190574363622e+03
1.123901104753640539e+03
1.123742226344465507e+03
1.123488334113773362e+03
1.122033898413528732e+03
1.123182940635485465e+03
1.122004126291893954e+03
1.122663316435297020e+03
1.122132843867365636e+03
1.122056881911344590e+03
1.120906408837303616e+03
1.120913099608936818e+03
1.120895827625840411e+03
1.121742771150624776e+03
1.120989516114800153e+03
1.120928733544956685e+03
1.120191680640209142e+03
1.121021723426116068e+03
1.120552379268928007e+03
1.121003151638888312e+03
1.121506679619981924e+03
1.120075771321417733e+03
1.119685704344372880e+03
1.119989170549050641e+03
1.120524684487214472e+03
1.120305166904054659e+03
1.119561975766233445e+03
1.119908354967984224e+03
1.121292637651836458e+03
1.119941093734654032e+03
1.120551809860341564e+03
1.120432723093407049e+03
1.121251774365683787e+03
1.120131981924804677e+03
1.120645141166660551e+03
1.121520207879390910e+03
1.120658377057611688e+03
1.120803580596950269e+03
1.121748585452222187e+03
1.121702341746675302e+03
1.122756294515010268e+03
1.122292922418957687e+03
1.122517842141008714e+03
1.122796080648340194e+03
1.123287138021307328e+03
1.122687603486876924e+03
1.123129070181048974e+03
1.123690276466200430e+03
1.124225935954269517e+03
1.124562435826092724e+03
1.124895718036800645e+03
1.124947184059356914e+03
1.125358476411351603e+03
1.126337870666053277e+03
1.125671189902494461e+03
1.126555103269306073e+03
1.127043892101774645e+03
1.127821201343663688e+03
1.128260298269283567e+03
1.128564972571494991e+03
1.128906564602371873e+03
1.129160083529948224e+03
1.129671074370436372e+03
1.130868226639573322e+03
1.131243107648188698e+03
1.131488700386370965e+03
1.132014299118638064e+03
1.132762586536531444e+03
1.133142066168863494e+03
1.133904282037949997e+03
1.133664091877889177e+03
1.134305944227294731e+03
1.135004355318576017e+03
1.136248454468002137e+03
1.136603965418017879e+03
1.137393429865973985e+03
1.138361893489917293e+03
1.138470480702825625e+03
1.139934015192592824e+03
1.139792713478754422e+03
